-0.086980
-0.090842
-0.093416
-0.094704
-0.095991
-0.098566
-0.099853
-0.102428
-0.103715
-0.105002
-0.105002
-0.107577
-0.108864
-0.110152
-0.111439
-0.112726
-0.114014
-0.115301
-0.117876
-0.119163
-0.120450
-0.121738
-0.123025
-0.124312
-0.125600
-0.125600
-0.128174
-0.128174
-0.129462
-0.130749
-0.130749
-0.133324
-0.133324
-0.135898
-0.135898
-0.137186
-0.139760
-0.139760
-0.141047
-0.142335
-0.142335
-0.143622
-0.143622
-0.144909
-0.144909
-0.146197
-0.147484
-0.148771
-0.148771
-0.150059
-0.151346
-0.152633
-0.152633
-0.153921
-0.155208
-0.155208
-0.156495
-0.157783
-0.157783
-0.159070
-0.159070
-0.159070
-0.160357
-0.160357
-0.161645
-0.161645
-0.161645
-0.164219
-0.164219
-0.165507
-0.166794
-0.166794
-0.168081
-0.168081
-0.168081
-0.169369
-0.169369
-0.169369
-0.169369
-0.169369
-0.170656
-0.171943
-0.170656
-0.171943
-0.173231
-0.174518
-0.174518
-0.174518
-0.175805
-0.175805
-0.177093
-0.177093
-0.177093
-0.177093
-0.177093
-0.177093
-0.177093
-0.178380
-0.178380
-0.179667
-0.179667
-0.180955
-0.180955
-0.180955
-0.182242
-0.182242
-0.182242
-0.183529
-0.183529
-0.183529
-0.183529
-0.183529
-0.183529
-0.183529
-0.183529
-0.184817
-0.184817
-0.184817
-0.186104
-0.187391
-0.187391
-0.187391
-0.188679
-0.188679
-0.188679
-0.188679
-0.188679
-0.188679
-0.188679
-0.188679
-0.188679
-0.188679
-0.189966
-0.189966
-0.189966
-0.191253
-0.191253
-0.192541
-0.192541
-0.192541
-0.192541
-0.192541
-0.192541
-0.192541
-0.192541
-0.192541
-0.192541
-0.192541
-0.192541
-0.192541
-0.192541
-0.193828
-0.193828
-0.195115
-0.195115
-0.195115
-0.195115
-0.195115
-0.195115
-0.195115
-0.195115
-0.195115
-0.195115
-0.195115
-0.195115
-0.195115
-0.196403
-0.196403
-0.196403
-0.196403
-0.197690
-0.197690
-0.197690
-0.197690
-0.197690
-0.197690
-0.197690
-0.197690
-0.197690
-0.197690
-0.197690
-0.197690
-0.197690
-0.198977
-0.197690
-0.198977
-0.198977
-0.200264
-0.200264
-0.198977
-0.200264
-0.200264
-0.200264
-0.200264
-0.198977
-0.198977
-0.198977
-0.200264
-0.200264
-0.200264
-0.200264
-0.200264
-0.201552
-0.200264
-0.201552
-0.200264
-0.201552
-0.201552
-0.201552
-0.200264
-0.201552
-0.200264
-0.200264
-0.201552
-0.201552
-0.201552
-0.201552
-0.201552
-0.201552
-0.201552
-0.202839
-0.202839
-0.202839
-0.202839
-0.202839
-0.201552
-0.202839
-0.201552
-0.201552
-0.201552
-0.201552
-0.201552
-0.202839
-0.202839
-0.202839
-0.202839
-0.202839
-0.204126
-0.204126
-0.204126
-0.204126
-0.202839
-0.202839
-0.202839
-0.202839
-0.202839
-0.202839
-0.202839
-0.202839
-0.202839
-0.202839
-0.204126
-0.202839
-0.204126
-0.204126
-0.202839
-0.204126
-0.202839
-0.204126
-0.204126
-0.204126
-0.202839
-0.202839
-0.202839
-0.204126
-0.202839
-0.204126
-0.202839
-0.204126
-0.204126
-0.204126
-0.204126
-0.205414
-0.204126
-0.204126
-0.204126
-0.204126
-0.202839
-0.202839
-0.202839
-0.202839
-0.204126
-0.204126
-0.204126
-0.204126
-0.204126
-0.205414
-0.204126
-0.205414
-0.205414
-0.205414
-0.204126
-0.205414
-0.204126
-0.204126
-0.204126
-0.204126
-0.204126
-0.204126
-0.204126
-0.204126
-0.205414
-0.205414
-0.205414
-0.205414
-0.205414
-0.205414
-0.205414
-0.205414
-0.205414
-0.204126
-0.205414
-0.204126
-0.204126
-0.204126
-0.205414
-0.204126
-0.204126
-0.204126
-0.205414
-0.205414
-0.205414
-0.205414
-0.205414
-0.205414
-0.205414
-0.205414
-0.205414
-0.204126
-0.204126
-0.204126
-0.204126
-0.205414
-0.204126
-0.205414
-0.205414
-0.205414
-0.205414
-0.205414
-0.205414
-0.205414
-0.205414
-0.204126
-0.205414
-0.204126
-0.204126
-0.204126
-0.204126
-0.204126
-0.205414
-0.204126
-0.205414
-0.205414
-0.205414
-0.205414
-0.205414
-0.206701
-0.206701
-0.205414
-0.205414
-0.205414
-0.205414
-0.204126
-0.205414
-0.205414
-0.205414
-0.205414
-0.205414
-0.205414
-0.205414
-0.206701
-0.205414
-0.205414
-0.205414
-0.205414
-0.206701
-0.205414
-0.205414
-0.205414
-0.205414
-0.205414
-0.205414
-0.205414
-0.205414
-0.205414
-0.205414
-0.205414
-0.206701
-0.206701
-0.206701
-0.206701
-0.205414
-0.206701
-0.206701
-0.205414
-0.205414
-0.205414
-0.205414
-0.205414
-0.205414
-0.205414
-0.206701
-0.206701
-0.206701
-0.206701
-0.206701
-0.206701
-0.206701
-0.205414
-0.206701
-0.205414
-0.205414
-0.205414
-0.205414
-0.205414
-0.205414
-0.205414
-0.205414
-0.205414
-0.206701
-0.206701
-0.206701
-0.206701
-0.206701
-0.205414
-0.206701
-0.205414
-0.206701
-0.205414
-0.205414
-0.205414
-0.205414
-0.205414
-0.205414
-0.205414
-0.205414
-0.206701
-0.205414
-0.206701
-0.206701
-0.206701
-0.205414
-0.205414
-0.206701
-0.205414
-0.205414
-0.204126
-0.205414
-0.205414
-0.205414
-0.205414
-0.206701
-0.205414
-0.206701
-0.206701
-0.206701
-0.206701
-0.206701
-0.206701
-0.205414
-0.205414
-0.205414
-0.205414
-0.205414
-0.205414
-0.205414
-0.205414
-0.205414
-0.205414
-0.206701
-0.206701
-0.206701
-0.206701
-0.206701
-0.205414
-0.206701
-0.205414
-0.205414
-0.205414
-0.205414
-0.204126
-0.204126
-0.205414
-0.205414
-0.205414
-0.205414
-0.206701
-0.206701
-0.206701
-0.206701
-0.206701
-0.206701
-0.205414
-0.205414
-0.205414
-0.204126
-0.204126
-0.205414
-0.205414
-0.205414
-0.205414
-0.205414
-0.205414
-0.205414
-0.205414
-0.205414
-0.205414
-0.206701
-0.205414
-0.205414
-0.205414
-0.205414
-0.205414
-0.205414
-0.205414
-0.204126
-0.205414
-0.205414
-0.205414
-0.205414
-0.206701
-0.206701
-0.205414
-0.206701
-0.205414
-0.205414
-0.205414
-0.205414
-0.205414
-0.205414
-0.204126
-0.205414
-0.205414
-0.204126
-0.205414
-0.205414
-0.205414
-0.206701
-0.206701
-0.206701
-0.205414
-0.205414
-0.205414
-0.205414
-0.205414
-0.204126
-0.204126
-0.204126
-0.204126
-0.204126
-0.204126
-0.204126
-0.205414
-0.205414
-0.205414
-0.205414
-0.205414
-0.205414
-0.205414
-0.205414
-0.205414
-0.204126
-0.204126
-0.204126
-0.204126
-0.204126
-0.204126
-0.204126
-0.204126
-0.205414
-0.205414
-0.205414
-0.205414
-0.205414
-0.205414
-0.205414
-0.205414
-0.204126
-0.204126
-0.204126
-0.204126
-0.204126
-0.204126
-0.204126
-0.205414
-0.205414
-0.205414
-0.205414
-0.205414
-0.205414
-0.205414
-0.205414
-0.205414
-0.205414
-0.204126
-0.204126
-0.205414
-0.204126
-0.204126
-0.205414
-0.204126
-0.205414
-0.205414
-0.205414
-0.205414
-0.205414
-0.205414
-0.205414
-0.205414
-0.205414
-0.204126
-0.204126
-0.204126
-0.204126
-0.204126
-0.204126
-0.204126
-0.204126
-0.205414
-0.205414
-0.206701
-0.205414
-0.205414
-0.206701
-0.205414
-0.205414
-0.205414
-0.205414
-0.204126
-0.204126
-0.204126
-0.205414
-0.204126
-0.205414
-0.205414
-0.205414
-0.205414
-0.205414
-0.205414
-0.205414
-0.205414
-0.205414
-0.205414
-0.205414
-0.205414
-0.204126
-0.204126
-0.204126
-0.205414
-0.205414
-0.205414
-0.204126
-0.205414
-0.205414
-0.206701
-0.205414
-0.205414
-0.205414
-0.205414
-0.205414
-0.205414
-0.204126
-0.204126
-0.205414
-0.204126
-0.204126
-0.204126
-0.205414
-0.205414
-0.205414
-0.205414
-0.206701
-0.205414
-0.205414
-0.205414
-0.206701
-0.205414
-0.205414
-0.204126
-0.204126
-0.204126
-0.204126
-0.204126
-0.205414
-0.205414
-0.205414
-0.206701
-0.206701
-0.205414
-0.206701
-0.206701
-0.206701
-0.205414
-0.205414
-0.205414
-0.205414
-0.205414
-0.205414
-0.205414
-0.205414
-0.205414
-0.205414
-0.205414
-0.206701
-0.206701
-0.206701
-0.205414
-0.206701
-0.206701
-0.206701
-0.205414
-0.205414
-0.205414
-0.205414
-0.205414
-0.205414
-0.205414
-0.205414
-0.205414
-0.206701
-0.206701
-0.206701
-0.206701
-0.206701
-0.206701
-0.206701
-0.205414
-0.206701
-0.205414
-0.205414
-0.205414
-0.205414
-0.205414
-0.205414
-0.205414
-0.205414
-0.206701
-0.206701
-0.206701
-0.206701
-0.206701
-0.206701
-0.206701
-0.206701
-0.205414
-0.205414
-0.205414
-0.205414
-0.205414
-0.205414
-0.205414
-0.205414
-0.206701
-0.206701
-0.206701
-0.206701
-0.206701
-0.206701
-0.206701
-0.205414
-0.205414
-0.205414
-0.204126
-0.204126
-0.204126
-0.205414
-0.205414
-0.205414
-0.205414
-0.206701
-0.205414
-0.205414
-0.205414
-0.206701
-0.205414
-0.205414
-0.205414
-0.205414
-0.205414
-0.204126
-0.204126
-0.204126
-0.204126
-0.204126
-0.205414
-0.205414
-0.206701
-0.205414
-0.206701
-0.205414
-0.205414
-0.205414
-0.205414
-0.205414
-0.205414
-0.205414
-0.205414
-0.204126
-0.205414
-0.205414
-0.205414
-0.205414
-0.205414
-0.206701
-0.206701
-0.206701
-0.205414
-0.205414
-0.205414
-0.205414
-0.205414
-0.205414
-0.205414
-0.205414
-0.204126
-0.204126
-0.205414
-0.205414
-0.205414
-0.205414
-0.205414
-0.206701
-0.205414
-0.205414
-0.205414
-0.205414
-0.205414
-0.205414
-0.205414
-0.205414
-0.205414
-0.205414
-0.204126
-0.205414
-0.204126
-0.205414
-0.206701
-0.206701
-0.205414
-0.206701
-0.205414
-0.205414
-0.205414
-0.205414
-0.205414
-0.205414
-0.204126
-0.204126
-0.204126
-0.205414
-0.205414
-0.205414
-0.205414
-0.205414
-0.205414
-0.205414
-0.205414
-0.205414
-0.205414
-0.205414
-0.205414
-0.204126
-0.204126
-0.204126
-0.204126
-0.205414
-0.204126
-0.204126
-0.205414
-0.205414
-0.205414
-0.205414
-0.205414
-0.205414
-0.205414
-0.205414
-0.205414
-0.204126
-0.204126
-0.205414
-0.205414
-0.205414
-0.205414
-0.205414
-0.205414
-0.205414
-0.206701
-0.205414
-0.205414
-0.205414
-0.205414
-0.205414
-0.205414
-0.205414
-0.205414
-0.204126
-0.205414
-0.204126
-0.205414
-0.205414
-0.205414
-0.205414
-0.205414
-0.206701
-0.205414
-0.205414
-0.206701
-0.206701
-0.205414
-0.205414
-0.205414
-0.205414
-0.204126
-0.205414
-0.205414
-0.204126
-0.205414
-0.205414
-0.205414
-0.205414
-0.206701
-0.206701
-0.205414
-0.205414
-0.206701
-0.206701
-0.205414
-0.205414
-0.205414
-0.204126
-0.204126
-0.205414
-0.205414
-0.205414
-0.205414
-0.205414
-0.206701
-0.206701
-0.205414
-0.206701
-0.206701
-0.206701
-0.205414
-0.206701
-0.205414
-0.204126
-0.204126
-0.205414
-0.205414
-0.205414
-0.205414
-0.205414
-0.206701
-0.206701
-0.206701
-0.206701
-0.206701
-0.206701
-0.205414
-0.205414
-0.205414
-0.205414
-0.205414
-0.205414
-0.205414
-0.205414
-0.205414
-0.205414
-0.206701
-0.206701
-0.206701
-0.206701
-0.206701
-0.206701
-0.206701
-0.206701
-0.206701
-0.206701
-0.205414
-0.206701
-0.205414
-0.205414
-0.205414
-0.205414
-0.205414
-0.206701
-0.206701
-0.206701
-0.206701
-0.206701
-0.206701
-0.206701
-0.205414
-0.205414
-0.205414
-0.205414
-0.205414
-0.205414
-0.205414
-0.205414
-0.211850
-0.211850
-0.210563
-0.211850
-0.211850
-0.211850
-0.211850
-0.213138
-0.213138
-0.213138
-0.213138
-0.213138
-0.213138
-0.213138
-0.211850
-0.211850
-0.211850
-0.211850
-0.211850
-0.211850
-0.211850
-0.211850
-0.211850
-0.213138
-0.213138
-0.213138
-0.213138
-0.211850
-0.213138
-0.211850
-0.213138
-0.211850
-0.211850
-0.211850
-0.211850
-0.211850
-0.213138
-0.213138
-0.213138
-0.213138
-0.213138
-0.213138
-0.213138
-0.213138
-0.213138
-0.213138
-0.213138
-0.213138
-0.211850
-0.211850
-0.211850
-0.211850
-0.211850
-0.211850
-0.211850
-0.211850
-0.211850
-0.213138
-0.213138
-0.213138
-0.213138
-0.213138
-0.213138
-0.211850
-0.211850
-0.211850
-0.211850
-0.211850
-0.211850
-0.211850
-0.211850
-0.211850
-0.213138
-0.213138
-0.213138
-0.213138
-0.213138
-0.213138
-0.213138
-0.213138
-0.213138
-0.213138
-0.211850
-0.211850
-0.211850
-0.211850
-0.211850
-0.211850
-0.213138
-0.213138
-0.213138
-0.213138
-0.213138
-0.213138
-0.214425
-0.213138
-0.213138
-0.213138
-0.213138
-0.211850
-0.211850
-0.211850
-0.211850
-0.211850
-0.213138
-0.211850
-0.213138
-0.213138
-0.213138
-0.213138
-0.213138
-0.213138
-0.213138
-0.213138
-0.213138
-0.211850
-0.211850
-0.211850
-0.211850
-0.211850
-0.211850
-0.211850
-0.213138
-0.213138
-0.213138
-0.213138
-0.213138
-0.213138
-0.213138
-0.213138
-0.213138
-0.211850
-0.210563
-0.211850
-0.211850
-0.211850
-0.211850
-0.211850
-0.211850
-0.213138
-0.213138
-0.213138
-0.213138
-0.213138
-0.213138
-0.213138
-0.211850
-0.211850
-0.211850
-0.211850
-0.211850
-0.211850
-0.211850
-0.210563
-0.211850
-0.211850
-0.211850
-0.211850
-0.213138
-0.213138
-0.213138
-0.213138
-0.211850
-0.211850
-0.211850
-0.211850
-0.211850
-0.210563
-0.211850
-0.210563
-0.211850
-0.211850
-0.211850
-0.211850
-0.211850
-0.213138
-0.211850
-0.213138
-0.213138
-0.211850
-0.211850
-0.211850
-0.211850
-0.211850
-0.210563
-0.211850
-0.211850
-0.211850
-0.211850
-0.211850
-0.211850
-0.213138
-0.211850
-0.211850
-0.213138
-0.211850
-0.211850
-0.211850
-0.210563
-0.210563
-0.210563
-0.211850
-0.210563
-0.211850
-0.211850
-0.211850
-0.211850
-0.213138
-0.213138
-0.213138
-0.213138
-0.211850
-0.211850
-0.211850
-0.211850
-0.211850
-0.211850
-0.211850
-0.211850
-0.210563
-0.211850
-0.211850
-0.213138
-0.213138
-0.213138
-0.213138
-0.213138
-0.211850
-0.213138
-0.213138
-0.211850
-0.211850
-0.211850
-0.211850
-0.210563
-0.211850
-0.211850
-0.211850
-0.211850
-0.213138
-0.213138
-0.213138
-0.213138
-0.213138
-0.213138
-0.211850
-0.211850
-0.211850
-0.211850
-0.211850
-0.211850
-0.211850
-0.211850
-0.211850
-0.211850
-0.211850
-0.213138
-0.211850
-0.213138
-0.213138
-0.211850
-0.213138
-0.213138
-0.211850
-0.211850
-0.211850
-0.210563
-0.211850
-0.211850
-0.211850
-0.211850
-0.211850
-0.211850
-0.213138
-0.211850
-0.213138
-0.211850
-0.211850
-0.211850
-0.211850
-0.211850
-0.211850
-0.210563
-0.210563
-0.210563
-0.210563
-0.211850
-0.210563
-0.211850
-0.211850
-0.211850
-0.211850
-0.211850
-0.211850
-0.211850
-0.211850
-0.211850
-0.211850
-0.211850
-0.210563
-0.210563
-0.210563
-0.210563
-0.211850
-0.210563
-0.211850
-0.211850
-0.211850
-0.211850
-0.211850
-0.211850
-0.211850
-0.211850
-0.211850
-0.210563
-0.210563
-0.210563
-0.210563
-0.210563
-0.210563
-0.210563
-0.210563
-0.210563
-0.210563
-0.211850
-0.211850
-0.210563
-0.211850
-0.211850
-0.211850
-0.210563
-0.210563
-0.210563
-0.210563
-0.210563
-0.210563
-0.210563
-0.210563
-0.210563
-0.211850
-0.211850
-0.211850
-0.211850
-0.211850
-0.211850
-0.211850
-0.211850
-0.211850
-0.211850
-0.210563
-0.210563
-0.210563
-0.210563
-0.211850
-0.211850
-0.211850
-0.211850
-0.211850
-0.213138
-0.211850
-0.213138
-0.211850
-0.211850
-0.211850
-0.211850
-0.211850
-0.211850
-0.211850
-0.210563
-0.211850
-0.211850
-0.211850
-0.211850
-0.211850
-0.213138
-0.213138
-0.211850
-0.211850
-0.213138
-0.211850
-0.211850
-0.210563
-0.211850
-0.211850
-0.210563
-0.211850
-0.211850
-0.211850
-0.211850
-0.211850
-0.213138
-0.213138
-0.213138
-0.213138
-0.213138
-0.213138
-0.211850
-0.210563
-0.211850
-0.210563
-0.210563
-0.210563
-0.211850
-0.211850
-0.211850
-0.211850
-0.211850
-0.211850
-0.213138
-0.211850
-0.211850
-0.211850
-0.211850
-0.211850
-0.211850
-0.211850
-0.211850
-0.210563
-0.210563
-0.210563
-0.211850
-0.211850
-0.211850
-0.211850
-0.211850
-0.211850
-0.211850
-0.211850
-0.211850
-0.211850
-0.211850
-0.210563
-0.210563
-0.211850
-0.210563
-0.210563
-0.210563
-0.210563
-0.211850
-0.211850
-0.211850
-0.213138
-0.213138
-0.211850
-0.211850
-0.211850
-0.211850
-0.211850
-0.210563
-0.210563
-0.210563
-0.210563
-0.211850
-0.210563
-0.210563
-0.211850
-0.211850
-0.211850
-0.211850
-0.211850
-0.211850
-0.211850
-0.211850
-0.211850
-0.210563
-0.210563
-0.211850
-0.210563
-0.210563
-0.211850
-0.210563
-0.210563
-0.211850
-0.211850
-0.211850
-0.211850
-0.211850
-0.211850
-0.211850
-0.211850
-0.211850
-0.210563
-0.211850
-0.210563
-0.210563
-0.210563
-0.210563
-0.210563
-0.211850
-0.211850
-0.211850
-0.211850
-0.211850
-0.211850
-0.211850
-0.211850
-0.211850
-0.211850
-0.210563
-0.210563
-0.210563
-0.210563
-0.210563
-0.211850
-0.211850
-0.211850
-0.211850
-0.211850
-0.211850
-0.211850
-0.211850
-0.211850
-0.211850
-0.211850
-0.211850
-0.211850
-0.210563
-0.211850
-0.211850
-0.211850
-0.211850
-0.211850
-0.211850
-0.211850
-0.213138
-0.211850
-0.213138
-0.213138
-0.211850
-0.211850
-0.211850
-0.211850
-0.210563
-0.210563
-0.210563
-0.210563
-0.210563
-0.211850
-0.210563
-0.211850
-0.211850
-0.213138
-0.213138
-0.211850
-0.211850
-0.211850
-0.211850
-0.211850
-0.211850
-0.210563
-0.210563
-0.210563
-0.210563
-0.210563
-0.210563
-0.210563
-0.211850
-0.211850
-0.211850
-0.211850
-0.211850
-0.211850
-0.211850
-0.210563
-0.210563
-0.210563
-0.210563
-0.210563
-0.211850
-0.210563
-0.210563
-0.210563
-0.211850
-0.211850
-0.213138
-0.211850
-0.211850
-0.211850
-0.211850
-0.211850
-0.211850
-0.211850
-0.211850
-0.210563
-0.210563
-0.210563
-0.211850
-0.211850
-0.211850
-0.211850
-0.213138
-0.213138
-0.213138
-0.213138
-0.213138
-0.213138
-0.211850
-0.211850
-0.211850
-0.211850
-0.211850
-0.210563
-0.210563
-0.210563
-0.211850
-0.211850
-0.211850
-0.211850
-0.213138
-0.213138
-0.211850
-0.211850
-0.213138
-0.211850
-0.211850
-0.211850
-0.211850
-0.211850
-0.211850
-0.211850
-0.211850
-0.211850
-0.211850
-0.213138
-0.213138
-0.213138
-0.211850
-0.211850
-0.211850
-0.211850
-0.211850
-0.211850
-0.211850
-0.211850
-0.211850
-0.211850
-0.210563
-0.211850
-0.211850
-0.211850
-0.211850
-0.213138
-0.211850
-0.211850
-0.213138
-0.211850
-0.211850
-0.211850
-0.211850
-0.210563
-0.211850
-0.210563
-0.211850
-0.211850
-0.211850
-0.211850
-0.211850
-0.211850
-0.211850
-0.213138
-0.213138
-0.213138
-0.213138
-0.211850
-0.211850
-0.211850
-0.211850
-0.211850
-0.211850
-0.211850
-0.213138
-0.211850
-0.213138
-0.213138
-0.211850
-0.213138
-0.213138
-0.213138
-0.211850
-0.213138
-0.211850
-0.211850
-0.211850
-0.211850
-0.211850
-0.211850
-0.211850
-0.211850
-0.213138
-0.213138
-0.213138
-0.213138
-0.213138
-0.213138
-0.213138
-0.213138
-0.211850
-0.211850
-0.211850
-0.211850
-0.211850
-0.211850
-0.211850
-0.213138
-0.211850
-0.211850
-0.213138
-0.213138
-0.213138
-0.213138
-0.213138
-0.213138
-0.213138
-0.213138
-0.211850
-0.211850
-0.211850
-0.211850
-0.211850
-0.211850
-0.211850
-0.211850
-0.213138
-0.213138
-0.213138
-0.213138
-0.213138
-0.213138
-0.213138
-0.213138
-0.211850
-0.211850
-0.211850
-0.211850
-0.211850
-0.211850
-0.211850
-0.211850
-0.213138
-0.213138
-0.213138
-0.213138
-0.213138
-0.213138
-0.213138
-0.213138
-0.213138
-0.213138
-0.211850
-0.211850
-0.211850
-0.211850
-0.211850
-0.211850
-0.211850
-0.211850
-0.213138
-0.213138
-0.213138
-0.213138
-0.213138
-0.213138
-0.213138
-0.213138
-0.211850
-0.211850
-0.211850
-0.211850
-0.213138
-0.211850
-0.213138
-0.211850
-0.213138
-0.213138
-0.213138
-0.213138
-0.213138
-0.213138
-0.213138
-0.213138
-0.213138
-0.211850
-0.211850
-0.211850
-0.211850
-0.211850
-0.211850
-0.211850
-0.211850
-0.213138
-0.213138
-0.213138
-0.213138
-0.213138
-0.211850
-0.213138
-0.213138
-0.211850
-0.210563
-0.211850
-0.211850
-0.211850
-0.211850
-0.211850
-0.213138
-0.213138
-0.211850
-0.213138
-0.213138
-0.211850
-0.213138
-0.213138
-0.213138
-0.211850
-0.211850
-0.211850
-0.211850
-0.211850
-0.211850
-0.211850
-0.211850
-0.211850
-0.213138
-0.211850
-0.213138
-0.213138
-0.213138
-0.213138
-0.213138
-0.213138
-0.211850
-0.213138
-0.211850
-0.211850
-0.211850
-0.211850
-0.211850
-0.211850
-0.213138
-0.213138
-0.213138
-0.213138
-0.213138
-0.213138
-0.213138
-0.211850
-0.213138
-0.213138
-0.211850
-0.211850
-0.211850
-0.211850
-0.211850
-0.211850
-0.211850
-0.211850
-0.213138
-0.211850
-0.213138
-0.213138
-0.211850
-0.211850
-0.213138
-0.211850
-0.211850
-0.211850
-0.211850
-0.211850
-0.211850
-0.211850
-0.211850
-0.211850
-0.211850
-0.211850
-0.213138
-0.213138
-0.213138
-0.211850
-0.211850
-0.211850
-0.211850
-0.210563
-0.210563
-0.210563
-0.210563
-0.211850
-0.211850
-0.211850
-0.211850
-0.211850
-0.213138
-0.213138
-0.213138
-0.213138
-0.213138
-0.211850
-0.211850
-0.211850
-0.211850
-0.211850
-0.211850
-0.210563
-0.211850
-0.211850
-0.211850
-0.211850
-0.211850
-0.211850
-0.211850
-0.211850
-0.211850
-0.211850
-0.211850
-0.211850
-0.210563
-0.210563
-0.210563
-0.211850
-0.210563
-0.210563
-0.210563
-0.211850
-0.211850
-0.211850
-0.211850
-0.211850
-0.211850
-0.211850
-0.211850
-0.211850
-0.211850
-0.211850
-0.210563
-0.210563
-0.211850
-0.210563
-0.210563
-0.211850
-0.211850
-0.213138
-0.213138
-0.213138
-0.213138
-0.213138
-0.213138
-0.211850
-0.211850
-0.211850
-0.211850
-0.210563
-0.210563
-0.210563
-0.211850
-0.210563
-0.211850
-0.211850
-0.211850
-0.213138
-0.213138
-0.213138
-0.213138
-0.213138
-0.213138
-0.211850
-0.211850
-0.211850
-0.210563
-0.210563
-0.210563
-0.211850
-0.211850
-0.211850
-0.211850
-0.213138
-0.213138
-0.213138
-0.213138
-0.213138
-0.213138
-0.211850
-0.211850
-0.211850
-0.211850
-0.211850
-0.211850
-0.211850
-0.210563
-0.211850
-0.211850
-0.211850
-0.211850
-0.213138
-0.213138
-0.211850
-0.211850
-0.211850
-0.211850
-0.211850
-0.211850
-0.211850
